[1998, -1966, -1969, 1968, 1929, 1946, 1705, -1900, -1850, -1789, -1942, -1894, -1890, -1883, -1945, 1813, 1525, 1627, 1908, 1672, 1901, 1865, 1885, 1907, 1629, 1248, 1901, 1506, 1317, 1396, 848, -1461, -963, -1734, -1359, -1174, -1207, -954, -1560, -1158, -579, -893, -1197, -1824, -1099, -895, -941, -1766, -1460, -1773, -1890, -537, -1044, -1631, -1861, -1673, -1507, -1128, -1671, -757, -601, -1641, -688, 1357, 1677, 1439, 1123, 671, 1113, 1212, 1157, 1227, 1183, 1389, 1244, -294, 1252, 1570, 776, -192, 761, 1607, 1599, 1579, 809, 1742, 1019, 128, -223, 858, 1373, 837, 1839, 989, 1693, 1747, -1101, 1838, 631, 58, 1131, -467, 632, 581, 1065, -436, 37, -435, 1064, -507, -1053, 246, 1493, 1086, 335, 31, 733, 120, -1627, -709, -206, 415, 1318, 723, -324, -38, 363, -358, 331, -672, 1323, 1354, -612, 281, -542, -1167, -1412, -346, -1037, 65, 147, -918, -1041, -807, -477, 257, 726, 235, -999, 291, -581, -835, -577, -953, -161, 299, 4, -1186, 688, -203, -353, 422, -374, 1404, 1454, 1039, 850, -802, 220, -490, 167, -285, -157, 33, 508, -1492, -886, -1098, -1495, -331, -576, 213, 247, -309, -633, 1198, -289, -553, 669, -485, 734, 1160, -305, -1538, -1591, 307, -454, -1425, 262, -752, -1634, -576, -718, -890, -1331, -1797, -718]
[1857, -1506, -630, 1438, 1769, 144, 1339, -64, 475, 1241, 679]
[1619, -1837, -462, -797, -1516, -95]
[1973, -1017, -1765, 1956, 726, 496, 1059, -846, -601, -411]
[1980, -1369, -1112, 1498, 1918, 1752, -790, -146, -335, 630, -850, 695]
[1267, -1828, -1989, 340, 995, 907, 737, -280, -67, 852, 486, -480, 451, -1870]
[1629, -1044, -1629, 359, 1205, 407, -1085, -527, -187, -180]
[1517, -1778, -1706, 1255, 342, -713, -253, -679, -263]
[1958, -1514, -350, 1928, 1174, 694]
[569, -1783, -1057, -38, -1146]
[1895, -1989, -1979, 1518, 350, 482, -136, 1006]
[-1368]
[1185, -1725, -1540, 1173, 163, -830, -836, -1471]
[1806, -1062, -928, 1673, 1070, 497, 1504, 475, 1622, -64, 489, -493, 481, 748]
[1895, -1161, -1821, 1321, 1424, -1555, 691, 88, -283]
[-1252]
[1376, -1893, -1086, -601, 735, -492, 644, -1337]
[1476, -763, -1916, 1409, -576, -1259, -507]
[1986, -1585, 129, 1956, 509, 977, 1673, 214, 1353, 212, -1156]
[1295, -1527, -579, -67, -1411, 1210, 991]
[1462, -1837, -1569, -677, 884, -71, -623, -1083, -1804, -433, 755, -296]
[1076, 701, -1808, 853]
[1587, -1017, -1619, 1418, 1214, 613, 1468, -254, 1249, 945, 284]
[966, -1574]
[1622, -599, -1304, 253, 1510, 1341, -17, -393]
[1924, -1722, -1667, 1032, 867, 1043, 645, -1208, 481, -800, -1338, 988, -409, 271, -234]
[1591, -1687, -1663, 868, 1277, 1146, -721]
[1929, 75]
[1146, -1837, -1699, 413, 643, -1424]
[1647, -1545, -1761, 291, -380, 342, 1315, -162, -491, -1292, -1474, 233, 223, -781]
[1423, -1833, -1116, 1125, 965, 1033, 749, -1135, -1245, 422, -19, 402, -244]
[1871, -1700, -1418, 1841, 1352, -719, 91, 1001, 247, -1019]
[1644, -1141, -1922, 1117, 1475, 346, 1506, -458]
[1250, -1618, -1960, -189, -1521, 708, 177, -994]
[1735, -1967, -1843, 747, -684, -842, 1424, -402, -88, -1807]
[1806, -1630, -1655, 1645, 401, 877, 1164]
[1924, -1712, -113, 556, 106, 1430, 1479]
[1778, -1148, -224, 498, 453, 511, 14, -192, -834, 350, 427, 163, 314]
[1949, -126, -820, 687]
[1333, -1670, -3, 523]
[397]
[-1934]
[1984, -822, -600, 1835, 1660, 1788, 1001, -286, -322]
[32, -1713]
[1660, -1792, -1927, 1062, 173, -533, 388, -140, -155, -1286, -1399, -902, -1097]
[1928, -1178, -1671, 1293, 1759, 984, 186, 417, 448, -1028, 1346, -1389, 545]
[-1255]
[1482, -696, -1043, -224, 1282, -911, -473, -679, -412, 110]
[1014, -178, 376, 554]
[1325, -1639, -1063, 40, 184, 634, -692, -25, -755]
[1164, -1932, -622, 248, 989, 782, 1070, -399]
[1541, -1950, 561, 1367, 1105, 734, 1444, -155, 584]
[1400, -1681, -1060, 1386, 681, -86, 963, 307, 105, -207, -777, -361, -139]
[1746, -1676, -1980, 622, 717, 1673, 1130, -1563, 70, 273, -120, 30, -1641, -506]
[1220, -1465, 416, -503]
[1165, -1799, -1287, -79, 537, -1205, 249, -312]
[1972, -899, -1921, 1866, 1955, -74, 738, -269, 470, -85, 480, -1748, -1240, 459]
[1847, -1640, -98, 1008, -1395, 159, 1721, -1050]
[1401, -1375, -817, 124, -1203, -551, 109, -638, -29]
[1946, -1900, -761, 658, 1043, 448, 939, -269, 122, -1623, 464]
[1589, -1815, -1039, -1069, -1757, -252]
[1863, -1844, -1826, 934, 904, 542, -924, 105, -388, -1343, -763]
[1890, -69, -1710, 299, 725, 87, 171]
[1410, -139, -810]
[1463, -1587, -1244, 979, -222, 913, 117, 877, -153]
[526, -1865, -1371, -33, -855, -111, 188, -1391, -1716, -1647, -1076, -319, -166, -707]
[480, -1233, -1459]
[-1258, -1315]
[1638, -1765, -1432, 1238, 1001, -927, 215, 1173, 860, -297]
[1319, -56, -506, 1086, 243]
[-834, -1916, -1256]
[60, -263, -120]
[1790, 1465, 520]
[1428, -1091, -1728, 542, 42, 552]
[1807, -439, -1759, 1310, 1019, -1078, -1359, 1224, -389]
[1319, -1471, -670, 1146, -1065, 1170, 861, -1300]
[1835, -1659, -1687, 808, 1419, 1807, -1625, -148, -601, -180, 235, -331, 931]
[1549, 14, -1027]
[982, -498]
[1860, -1275, -1639, 1205, -136, 563, -928, 1175, -852, -691, -525, -692]
[1940, -940, -1963, 1671, 1104, 1558, 179, -588, 119, -689, 506, -1261, -1004, -1598, -725]
[1541, -1965, -1040, -480, 1140, 308, 954, -745, -622, -1155, -1927, 11, -654, -586, 681]
[1738, -1735, -1488, 155, 387, -1425, -13, -904, -1518, 155, -522]
[1744, -1828, -676, 1645, 405, 1587, 929, 546, 1009, -1324, -1545, 1049]
[-492, -802]
[-277]
[1369, -1911, -1441, -878, -690, 1332, 699, -892]
[1880, -1908, -555, 1029, 1847, 358, 797, -34, -1136, 1561]
[-755]
[606, -1018, -1872, -545, 440, -1779]
[-1560]
[913, -1765, 214]
[1930, -1895, -1401, 279, -458, 1245]
[1694, -1538, -1698, 657, -520, 466, -1163, -186, -458, -1459, -1260, -77, -306]
[1848, -995, -442, -990, 811, -176]
[1853, -1822, -1658]
[1124, -1722, -935, 195, 486, 385, 543, -1714, -1115, -1685, -1102, -213, 190]
[1899, -1852, -1031, 1844, 1604, 37, 1018, -1153]
[1235, -1631, -1936, 848, 1149, -134, -265, 356, -756, -947, -1172, -1427, -706, -976]
[1966, -1722, -783, 1877, 1855, 560, 346, -142, 1228, 163, 1672, -722, -167, -271, -133]
[-192, -673]
[1991, -1189, -1492, 1409, 569, 1551, 909, 1161, 1040, -1031, -710, 96, 1259, -1114, -1279]
[347]
[1986, -681, -1995, 1453, 1760, 1106, -742, 518, -486, 193, 1415, -1403]
[1858, -1892, -63, 428, 1609]
[1098, -1680, -1969, 813, 799, 773, -197, 124, -1353, -1175]
[1310, 33]
[1562, -723, 396, -522, 612, 431, 399]
[-1901]
[1923, -1983, -1885, 1078, -231, -208, -1046, 773, 383, -878]
[-206]
[1067, -456, -1865]
[801, -1157, -1316, -934, 22, -695, 316]
[1980, -1800, -503, 1342, 1028, 1443, 205, 712, -969]
[1843, -1381, -1534, 834, 211, 1240, -504, 556, -744]
[-1860]
[1991, -1548, -1691, -1176, 1644, -773]
[1387, -1595, -1786, -12]
[1625, -1912, -1062, 393, -1644, -1017, -368, -1279, -231]
[1618, 981, -1353, 1084]
[1281, -1059]
[436, 319, 91]
[1517, -1833, -889, 1178, 1383, 1206, 1414, 304, -332, 624, 151, 181, -161, 271]
[616, -479]
[1252, -1815, 749, 864]
[1675, -1587, -1488, 1652, 192, 177, 1643, -1576, -523, -345, -1007, -1110, -1123, 169]
[1729, -1941, -696, 1268, -521, 1137, 279, 1110, -996, -838, -566, 461, -4, -170]
[1269, -1777, -436, 211, 57, -379, 1258, -56]
[1961, -1675, 588, 1489, -21, 1116, 774, 500, -124]
[1286, -1988, 408, -236, -1242]
[1994, -59, -1484, 1657, 1225, -601, 1752]
[-1989]
[1841, -1860, -802, 1815, 1480, 1186, -767, -1253, -1050, 725]
[1985, -1365, -939, 787, 497, 1181, 1881, -278, -360, -1213, -1265, -789, -608, 397]
[1668, -1738, -1959, 1430, -1637, -511, 219, -1190, -1018]
[1997, -1052, -1152, 1718, 630, 1992, -398, 1616, -725, -276, -513, -149, 78, -717]
[1687, -1298, -1158, 1162, 477, 317]
[1785, -1686, -1837, 547, 771, 485, 542, 142, 19, 626, -707, -402, -992]
[1907, -1367, -1266, 1169, 133, 367, 751, -633, -990, -106, -1156, 342, -1042, -1188]
[1031, -1709, -1867, 957, 401, 305, 214, -1562, -548, -1488, -1148, -1001, -1636, -3]
[1458, 141, 1285, 667, 1245]
[1941]
[1804, -1622, -1353, 344, 1320, 1417, 1240, -977, -1057, 1029, -438, 715]
[1914, -983, -1335, 1599, 1913, 737, -270, -150, -429, 1485, 169, -127, -724]
[1618, -1803, -1813, 1258, -31, -1433, 846, -585, -1582, -1519]
[1756, -1431, -65, 800, 565, 26, 58, -847, -484, -582, -553]
[1893, -1625, -884, 711, -836, 35, 989]
[971, -1668, 467, -1315, -1280]
[-601, -1573, -704]
[1055, -838, -1378, -156]
[1214, -1641, -1844, -310, -183, 28, 1163, -664, -344, -1546, -614, 9]
[-236, -468]
[1666, -1175, -1525, 1650, 1160, 1190, -252, -837]
[741, -1870, -1318, -1427, -504, -1166, -482, -1501]
[1546, -1645, 375]
[1780, -82, -49, 70, 1654]
[1877, -767, -1554, 1720, 772, 1585, 972, 1195, 1219, 653, -618, 442, -847, -688, -822]
[1559, -621, -1845, 1442, 942, 686, -861, -416, 1322, 330, 239, 423, -1065, -1489]
[1929, -1967, -1966, 1457, 1466, -1, 812, -637, 671, 76, -1412, -799]
[1757, -720, -209, 1440, 1704, 1486, 680, 649, 146, 543, 101, 29]
[-163, -861, -1036]
[1826, -1835, -127, -1607, -673]
[1638, -227, 715, 314, 242, 912]
[223, -1273, -1287, 124, 105]
[1835, -1821, -1558, 1364, 1115, -438, 1711, 1222, 180, -577, -252, -844]
[1886, 566, -1639, 1288, 1206, -1504, -1569]
[900, -665]
[1919, -1587, -1982, 1670, 393, -1010]
[34, -951, -1545]
[-797, -1399]
[1773, 162, 594, 1707]
[1458, -1848, -1043, -183, 38]
[1778, 231, -1436, 957, 489, 1634, 158]
[1690, -1917, -305, 807, 1360, 1649, -210, -15]
[1762, -1139, -1690, 1749, 615, 1460, -1642, -880]
[1869, -841, -1714, 1509, 1712, 477, -1444, -828, 10, 297]
[1776, -18]
[751, -1772]
[1851, -1442, -748, 1029, -911, 1740, 780]
[403]
[1882, -1706, -1022, 240, 420, 1581, 450, -1499, -1317, -1177, -252, 546]
[1943, -1910, -536, -266, -146, 894, 1265, -1245]
[1842, -1948, -1975, 52, 1738, 334, 1549, -1014, -840, -716, -1073, -304, -1543, 898, 644]
[1938, -1276, -1976, -15, 1906, 1142, 946, -773, -708, -401, -835, 1024]
[313]
[979, -800, 676]
[-39, -1063, -1144, -549, -689, -311]
[1183]
[1796, 1144, 958, 1677, 1404, 1686]
[1346, -1934, -1795, 1003, 333, 953, 1274, -689, 19, -511, -1208, -1327, -662, -1185]
[751, -1388, -1761]
[1830, -1627, -1767, 1327, 1565, 1445, -1105, 21, -985, -379, -1225, -1254, -838]
[-52]
[1000, -575, -443, 784, -270, 526]
[814, -310, 48, 131, 479, 288]
[1979, -1713, -1193, 955, 1867, -520, 1721, 280, -975, -375, 310, -851, -677, -804, -11]
[733, -1810, 7]
[1783, -1281, 86, 1221, 8, 1755, 1485, -859, -1125, -1068]
[-773, -1834]
[-1191]
[1602, -1217, -617, 183, 228, 40, 1014]
[1617, -1112, -1484, 129, -723]
[1633, -1002, -1324, 56, 1130, 1383, -638, -217]
[1739, -1928, -1799, 171, 210, 271, 915, 15, -62, -1124, -444, -49, -19, -803, 721]
[1252, -931, -1307, 760, 994, -188]
[1736, 118, 405]
[1793]
[1924, -906, 5, 1711, 563, 205, 1227]
[-167]
[1738, -1898, -1462, 222, -642, 473, 434, -760, 83, -1224, -974, -1082, 186, -655]
[1703, -1848, -1788, 388, 1677]
[1239, -978, -988, -297, 712, 884, 158, -690]
[1892, -1065, -1067, 865, 1808, 165, 1489, -769, 272, 145]
[1680, -1937, -1279, 964, 76, 127, 903, -1686, 929, -1601, -711, -474]
[335, -1056, -1497, -933, -192]
[974, -1302, -1415, 396, 810, -331, -949, -1213, -98]
[1687, -1766, 1179, 654]
[411, -1811]
[895, -555, -1943, 675, -343, 101, -1789, -142]
[1891, -1935, -1814, 1345, 1676, 1661, 712, -484, -270, 1276, -785, -241, -332, -1199, 567]
[269, -1194, 202]
[1170, 76]
[1994, -1951, -1841, 1859, -1241, -362, 853, -1210]
[1134, -1217, -1771, 660, 853, -767, -1713, 229, -131, -745, -373]
[1701, -1869, 1047, -247]
[1970, -1946, -1915, 726, 1929, 567, 192, -1605, 400, 364]
[1999, -1989, -232, 995, 1405, 1738, 1096, -927, -839, 974, -870, 1552, 262]
[1994, -1980, -675, 686, -1035, -320, 1555, -590]
[1658, -1572, -1475, 532, 1257, 151, -887, -257, 253, -166, -126]
[1854, -1942, -1718, 1300, 1219, 1348, 1099, -882, -1597, 278, 1150, 1046, -868, 65]
[1944, -1746, -1941, 1556, 1497, -570, -750, -203, 1221, -1506, -1138, -617, -1615]
[1963, 51, -1424, 1711, 1935, 1523, 237, 1254, 116, 1003, 1181, 648, -853, -681]
[1747, -1031, -1212, 649, 214, 842, 1474]
[1926, -1920, -56, 947, 1694, 532, 1723, -531, -1861, -579, -1863, 9]
[1548, -1717, -1399, 709, 1083, 755, -449, 611, 240, 762, 478, -81, -742]
[1820, -962, -1223, 1355, -176, -1167, -6, 375, 1172]
[986, -1564, -1616, -265, -262, -183, 456, -406, -595, -1058, -356, -299, -1559]
[-467, -1377, -1479]
[1475, -1969, -112, 1003, -206, 881, 891]
[1777, -1906, -1975, 1603, 1142, -1528, -1476, -824, -788, -300]
[1693, -1885, -1327, 1667, 818, 962, -109, 481, -1422, 147, -1356, -394, -794]
[1922, -1556, -1615, 950, 466, 1268, 681, 569, -1063, 33, 162, 800, -1012]
[1480, -1651, -1737, 29, -465, 177, -898, -1106, -1482, -894]
[1922, 1171, -1113, 1494, 1225]
[1985, -1384, -825, 561, -165, 1828, -426]
[1878, 6]
[1616, -1766, -1076, 1465, 239, -42, -740, -459, 449, -1037]
[-276, -956, -1259, -391]
[-853]
[1532, -1949, -1904, 1450, -110, -1503, -757, 750, -1318, -491, -459]
[815, -1406, -474]
[212, -968, -686]
[1808, -1295]
[634]
[642, -681]
[1596, 874, -1046]
[1939, -679, -1750, 1099, 772, -637, -1099, 1036, -340, 11, -452, -907, -684]
[1376, -880]
[522, -1996]
[1796, -1582, -1410, 744, 1723, 1508, 1043, 356, -291, 369, 457, -252, -289, 1004]
[794, -1513, -1621, 701, -1284, 670, -361, 225]
[1750, -1823, -685, -278, -56, 961, 1075, -289, -1679, -1145, -618, -314, -75, -626]
[1963, -1821, -1658, -74, 1712, 1581, 772, -1511, -868, -1312, -544]
[1912, -1282, -688, 1871, 1439, 792, 1296, -42, 1287, -4, -1214, 323, 623]
[1990, -1048, -1282, 718, 843, -239, 1168, 91, -501, 825, -933, -957]
[1945, -782, -635, -438, 781, -26]
[766, -1192, -1293, 260, 361, -245, 459, -301, -181, -520, -563, -1202]
[220]
[1923, -1588, -1646, 415, -564, 473, 1816, -607]
[778, -1243]
[1577, -261, 639, 1094, 1364, 1153]
[1815, -1881, -1404, 280, -1329, 671, 91]
[-236, -964, -357]
[1723, -1170, -1342, 1161, 1324, 1144, 750, -1075, -173, 1174, 85, 788, -275, -1189, 331]
[1279, 512, -1588, 937]
[1569, 620]
[1746, -1387, -1368, 1500, 1511, 1422, 451, -410, 874, 1448, 611, 862, 817, -1303]
[-1320]
[1668, -1395, -1620, 1493, 109, -713, 1086]
[1343, -150]
[1610, -1126, -230, 1372]
[1992, -1282, 1778, 665, -1128]
[1664, -1422, -31, 249]
[1938, -1316, -1983, 815, 1496, 1257, -1019, -17, -863, 1202, 1155, 795, -653, -1783]
[1449]
[1997, -1756, -1359, -1183, 963, 1957, 531, -1656, -1354, -419, 353, 1655, -999]
[902, -1860, 678, 889]
[926]
[1516, -1124, -1800, -451, 237, 978]
[1973, -1410, -169, 1379, 1201, 6, 1003, 35, 1360, -25]
[1710, -1448, -1373, -42, -477, -659, 1047, -779]
[1379, -1813, -1730, 1060, 304, 1147, 257, -263, -241, -1015, 300, -909, -206, -951]
[1901, -1942, -1356, 491, 35, 1499, 354, -593, -719, -1812, -889, -1091]
[1954, -1821, -1820, 1656, 1557, 790, -632, -265, 111, 929, -353, -592, 15]
[1355, -1607, -1175, 309, -817, -133, -727, -313, -44]
[1657, -1238, -806, 1491, -287, 537, -92, -513]
[1820, -1735, -1841, 565, 223, 975, -990, -528, 106, -204]
[748, -1840, -1422, -329]
[1593, -1957, -951, -679, 421, 1321, 225, -1187, -1651, -1308, -547, -313, -845, -928, -556]
[1905, -1285, -1128, 1127, 1173, -574, 657, 1063, -150, -849, -902, -1083, -888]
[-968]
[1972, -1345, -1567, 1223, -104, -485, -1133, 725]
[1944, -1983, -1816, 1881, 1203, 1782, 1238, 386, 1542, -1598, -1676, 613, 1266, 931, -1186]
[1838, -1673, -1008, 377, 900, 1020, -862, -1307, 350, -148]
[1359, -1281, -1286, 296, 542, 1049, -601]
[-679, -1474]
[1824, -1498, -144, 715, 472, 633]
[-713, -920]
[1473, -1921, -1968, 730, 1297, -93, 1460, -899, 276, -1884, 1180, -692, -464, 1384, -1769]
[1758, -1722, -1769, 923, 1401, -616, -410, -199, -570, -752, 136, -971, -1113, -1197]
[1440, -1358, -1371, 337, 973, 398, 271, -415, -33, 280, -478, -522, -1333]
[1660, -1752, -913, 841, 477, 346, 581, -1323, -696, 6, -120, -640]
[728, -696, -905, -17, 112, -218, -846, -367, -497]
[1894, -1712, -942, 1697, 606, 406, 1753, 165, 196, 54, -1037, -117, -197, 1012]
[1704, -1261, -907, 241, 194, 398, 1149, -943]
[1865, -1671, -1869, 1689, 870, 475, -55, -1405, -1582]
[1936, 49, -792, 1407, 1410, 1252, 1465]
[1214, -1913, -936, -497, 1197, 1175, 1074, -1656, -637, 672, 90, -833, -654]
[1505, -1569, -1951, 771, 670, 678, -1821, -1305]
[1770, 43]
[1646, -1282, 621, 1072, 277, 1637, 1278, -1230, 683, -958, 220, 1147]
[1457, -954, -1910, 485, 734, -1810, -1057]
[1446, -1656, -1297, 590, 1442, -304, -644, -871, -1449, -642, 847, -1140, -378]
[1922, -1936, -195, 1697, -337, 1270, 1432, 700]
[1597, 723, 1171]
[1501, -30, 48]
[1985, -1925, -1893, 99, 104, 78, -1559, -840, -95, -723, 82, -161]
[673, -1882, -1151, -331]
[1878, -1836, -1957, 77, 594, 405, -1063, -1500, -903, -1313, -796, 313, -1064]
[1640, -1813, -1730, -719, 266, -973, 526, -1471, -1362, -1255, -541]
[1983, -1580, -1101, 1648, 1298, -181, 56, 157]
[1976, -1089, -1118, 1766, 1606, 1234, 1918, 950, 1495, 901, -872, 790, 240, 1582, -269]
[649, -1979, -846, -1637, 29, -486]
[1873, -1803, -1663, 194, 1309, 753, 1514, -1587, -211, 1206, 666, 328, -281, 1197, 630]
[1639, 338, -1346, 1225, 949, 1074]
[1908, -1642, -1524, 1487, 1690, 1717, -1058, 81, -1291, -555]
[1828, -360, -1838, 902, -97, -1494, -276, -149]
[1547, -1114, 678, -112, -344]
[1597, -1734, 760, 1028, 51]
[1650, -1621, -1715, 711, -467, 823, -994, 375, 594]
[1802, -1731, -691, 413, 1716, 567, 614, -1116, -95, 816]
[1207, -1973, 155]
[1722, -1942, -1710, 131, 30, -1152, 196]
[-80, -891]
[1133, -1114, -1807, -489, 589]
[1579, -1736, -1709, 1510, 1462, 863, 1135, -1213, 1278, -211, -1392, 707, 622, 597, 188]
[1016, -1987, -1258, 783, 228, 58, -1257]
[1118, 461, -34, 900, 497, 477]
[1978, -931, -1384, 1312, 1444, 1808, 881, 1239, 374, -551, 108, 222]
[1944, -1512, -1924, 183, 97, 1252]
[1727, -1593, -1418, -226, 907, -308, 217, -443]
[383, 150, 267, 298]